176,194,192,188,193,207,161,155,155,140,137,149,162,164,117,89,144,161,153,165,171,146,135,157,155,143,167,169,176,181,177,160,181,189,203,218,223,222,197,211,191,191,156,193,233,249,259,256,285,292,299,273,260,252,218,236,220,268,258,182,239,261,286,260,259,248,228,220,217,240,265,261,244,231,191,209,229,236,232,248,232,174,150,101,109,111,111,125,137,146,179,207,207,195,212,223,238,249,274,263,251,242,238,264,252,257,281,278,290,304,298,286,281,283,277,293,302,303,320,329,419,413,343,378,420,496,426,310
197,185,175,171,166,161,172,154,142,140,143,153,159,171,161,153,163,154,153,164,175,154,147,161,167,159,151,164,171,175,192,183,190,200,206,215,228,209,206,198,191,193,216,236,241,210,267,290,308,300,277,254,258,220,271,252,228,241,244,220,247,283,269,299,284,252,248,222,221,242,262,301,293,249,180,258,252,235,246,249,255,225,225,234,193,105,108,106,110,114,112,114,146,159,188,254,254,248,253,256,271,261,281,262,246,253,256,261,273,289,299,274,301,298,321,322,390,341,304,315,316,333,375,345,343,480,379,305
224,192,199,195,192,188,151,148,149,150,167,171,181,168,165,177,197,190,164,171,162,160,148,157,170,165,157,174,193,179,190,193,192,207,233,229,244,263,217,199,204,189,248,249,277,267,248,256,261,286,264,258,251,183,226,257,272,262,278,236,226,216,244,267,257,263,249,259,269,266,266,274,251,227,257,245,287,318,259,263,258,274,260,279,257,249,230,163,111,111,111,112,116,123,140,189,246,257,258,256,251,265,273,281,277,286,296,285,289,263,288,295,327,357,377,367,392,376,388,430,433,543,482,425,387,430,428,375
245,207,182,186,156,160,177,199,195,199,197,186,185,192,188,169,178,189,179,184,198,178,155,177,182,177,174,179,173,190,196,217,215,210,217,224,244,242,219,204,179,153,203,209,243,263,256,280,305,283,275,260,237,243,285,265,287,277,281,282,221,274,280,316,275,244,268,256,285,262,256,254,260,264,254,271,297,282,265,297,293,266,279,297,304,270,241,198,162,124,115,115,118,117,116,116,148,255,283,301,285,306,308,281,271,251,256,274,286,245,270,291,356,359,367,346,375,369,343,384,424,497,477,434,439,438,337,345
264,251,181,155,188,211,252,261,243,233,207,188,193,189,199,209,202,215,197,182,169,170,165,159,178,189,185,188,194,176,230,215,212,221,251,258,243,268,242,251,244,182,230,229,250,239,240,266,268,291,289,284,213,268,294,282,294,294,276,303,228,284,313,335,287,303,305,286,331,238,291,288,307,295,316,231,305,278,293,298,287,280,306,311,302,297,302,249,211,160,126,133,118,121,116,117,119,118,231,275,296,305,299,258,249,228,231,237,254,260,287,309,306,324,319,314,339,354,343,436,475,459,427,378,434,414,463,465
197,248,218,273,268,248,277,271,254,236,209,199,249,229,238,193,219,185,185,198,191,162,175,172,181,193,198,201,212,199,217,220,230,236,244,257,260,269,259,314,169,185,234,219,269,292,285,297,292,312,283,295,273,288,288,312,329,308,293,303,301,297,324,326,329,342,345,331,343,325,289,301,335,343,340,335,323,275,307,331,330,298,297,318,314,243,210,188,157,206,223,183,147,134,121,119,110,111,116,212,294,351,269,278,266,235,248,276,280,301,332,338,333,312,382,399,408,361,353,381,379,462,360,363,398,373,404,441
278,283,290,210,262,277,257,267,266,246,228,228,250,251,235,227,216,205,175,220,204,178,190,196,168,174,190,208,201,216,245,230,247,261,255,260,268,274,253,189,205,237,263,252,267,263,268,261,278,299,298,244,251,286,303,307,324,356,310,283,309,280,313,317,318,339,348,355,344,336,327,276,339,323,342,349,355,327,347,417,360,342,288,319,353,327,250,170,327,256,279,239,211,188,161,142,124,117,118,111,115,133,172,159,188,206,237,266,318,403,353,300,313,376,376,387,373,429,534,469,440,362,346,369,410,369,377,380
284,282,258,235,265,298,286,270,279,260,236,268,256,240,235,213,191,206,198,216,223,193,217,190,178,196,193,222,222,219,207,245,267,263,264,265,264,276,243,176,213,234,269,281,278,281,293,295,287,298,300,286,289,316,329,334,354,318,295,325,328,289,319,305,310,338,358,369,316,344,356,329,313,345,344,362,383,332,343,336,404,359,345,319,335,239,212,340,292,313,267,301,299,278,234,203,186,178,120,114,118,123,126,167,208,215,223,254,267,308,297,321,312,334,355,314,334,418,343,353,362,334,328,385,429,447,439,401
295,295,270,284,295,301,290,287,287,249,286,275,263,254,247,218,227,222,224,196,237,212,186,195,220,204,229,219,229,226,208,232,221,237,245,260,256,249,193,235,255,242,292,284,298,297,314,313,310,306,303,301,268,319,329,360,349,337,315,333,354,372,334,324,335,362,386,370,348,325,302,364,389,361,367,351,415,417,398,404,375,389,412,301,368,324,288,329,342,395,355,288,235,234,265,260,221,196,135,212,120,115,117,174,114,233,225,180,214,210,218,187,273,299,335,367,294,292,249,358,436,317,369,508,490,427,448,457
296,308,295,304,294,275,276,287,279,274,286,291,277,269,264,252,238,243,238,218,201,213,226,235,251,243,236,236,239,211,244,250,253,255,260,253,232,248,265,216,267,281,250,231,305,303,297,314,333,327,321,278,263,318,305,332,329,334,372,360,378,379,357,349,395,371,397,393,371,399,382,379,330,397,382,369,411,406,422,403,395,386,341,367,396,331,349,334,317,354,381,290,236,213,283,304,282,254,219,192,184,181,142,166,228,227,228,256,302,230,123,214,215,156,280,153,237,280,341,287,267,316,340,348,376,392,434,423
181,218,314,308,263,271,257,256,280,279,280,267,301,265,262,251,237,255,237,195,229,206,212,225,258,252,256,243,248,227,243,274,270,294,277,229,264,245,242,250,298,296,303,294,251,302,324,333,323,330,341,334,310,296,281,293,305,347,361,379,413,419,406,372,335,350,402,420,399,426,399,407,338,394,419,369,388,409,423,450,423,407,343,370,423,378,411,332,400,390,346,367,432,323,310,361,305,203,289,278,196,200,207,196,186,288,280,280,275,146,216,157,238,121,202,205,237,361,245,268,283,245,296,357,332,371,351,379
187,184,195,265,260,264,284,288,284,291,271,243,264,272,277,266,266,224,216,255,263,234,229,237,261,272,272,257,250,255,283,254,243,258,270,251,280,296,314,297,318,303,311,344,328,296,276,316,329,336,335,301,257,253,303,334,358,380,397,438,446,443,407,398,408,352,424,401,430,446,423,410,416,422,442,408,414,419,448,435,470,407,456,415,387,411,385,369,355,398,383,372,342,314,348,366,317,351,296,279,279,281,261,236,270,219,346,303,289,250,280,326,319,290,248,270,250,140,372,362,350,448,325,339,295,310,362,354
289,263,192,243,274,303,300,297,293,300,346,288,263,226,222,230,220,248,241,272,263,209,261,261,270,259,269,258,278,275,279,301,261,273,285,300,320,302,329,315,334,320,356,356,349,301,276,311,358,353,325,296,289,270,326,367,345,370,479,454,475,439,407,449,450,417,424,449,479,467,475,438,430,424,447,441,422,462,463,481,474,480,420,458,448,461,397,419,355,437,417,430,363,368,372,316,429,375,324,346,327,270,370,340,312,256,297,416,293,328,261,257,246,323,313,311,284,269,249,307,301,415,448,404,329,303,292,355
262,244,194,264,288,294,266,301,294,301,310,281,254,275,300,265,261,293,285,273,240,223,237,257,275,299,278,280,296,275,221,223,340,293,317,297,327,349,356,357,359,374,357,351,343,315,304,287,335,351,350,296,295,308,264,323,364,378,396,449,444,393,443,475,471,443,489,419,436,468,497,460,461,382,431,478,465,467,482,497,498,504,493,431,534,464,493,436,388,464,452,541,473,441,429,403,359,457,380,378,380,351,414,378,388,371,337,391,363,415,347,450,356,374,355,470,379,326,277,294,259,249,299,288,288,303,337,368
323,241,198,219,294,283,286,238,307,306,283,282,270,287,261,290,310,281,292,246,221,256,268,260,286,290,293,255,235,274,265,315,327,322,318,326,336,370,362,371,371,409,366,344,325,348,340,333,299,334,382,396,319,379,405,356,273,323,307,343,378,392,456,468,482,497,514,458,496,506,520,507,495,450,421,509,505,474,448,456,507,498,549,537,544,541,554,517,484,596,560,550,498,365,324,478,398,394,444,422,395,440,483,415,482,465,451,430,398,405,459,364,457,405,349,418,374,369,292,324,337,311,310,304,290,247,231,260
276,220,201,276,250,265,310,328,349,309,305,290,286,308,297,300,318,292,285,230,258,267,282,265,284,281,241,233,237,306,331,339,328,351,385,341,362,424,417,410,440,451,372,331,317,309,326,317,306,320,344,364,399,394,461,383,296,420,393,303,358,454,472,443,441,466,555,538,526,545,537,487,536,465,472,433,508,548,506,527,550,494,529,570,522,554,625,587,479,496,622,588,537,506,517,545,496,503,481,489,513,484,429,478,421,469,498,478,444,459,497,450,497,465,396,450,451,416,135,367,399,358,349,354,424,207,325,323
250,235,204,228,312,325,322,321,330,350,359,338,322,342,334,331,300,301,280,240,289,273,300,300,286,240,240,280,299,251,279,335,375,365,402,413,426,476,420,387,359,350,328,333,325,326,353,308,335,338,380,401,449,501,399,357,322,459,402,361,417,435,382,468,460,492,544,542,557,549,491,495,504,452,470,548,497,571,577,612,604,541,605,604,533,617,635,622,641,702,554,653,676,521,461,505,551,546,549,552,585,486,544,454,481,449,443,556,531,462,503,470,472,519,472,471,445,429,123,431,371,309,298,260,249,261,349,328
288,280,249,212,333,320,292,330,298,294,331,343,357,334,316,329,320,301,258,279,296,300,313,309,255,244,268,305,306,310,297,308,319,342,325,329,327,348,339,362,377,364,360,372,373,395,353,313,322,367,419,456,436,423,412,373,330,413,410,382,384,430,500,467,446,451,463,462,498,514,513,517,514,469,535,508,528,582,555,549,598,644,625,610,672,582,676,691,643,606,764,756,689,583,549,513,511,549,603,601,567,565,636,564,600,542,563,540,586,574,569,666,642,463,392,305,354,320,239,278,313,507,371,315,268,321,306,321
271,236,317,312,302,328,301,320,321,347,300,317,343,335,316,309,292,301,261,286,322,339,322,306,249,265,285,290,348,348,316,303,286,315,314,331,320,371,347,381,381,390,388,405,377,348,347,404,352,427,394,407,493,488,391,428,396,374,486,479,367,369,453,503,504,519,562,535,553,555,595,579,528,558,560,527,596,529,537,575,661,654,607,655,632,706,617,610,682,773,790,746,755,668,649,622,579,540,651,655,593,610,642,623,635,596,565,582,501,513,496,428,337,231,294,226,148,128,142,224,435,454,431,423,285,251,290,298
352,305,318,368,312,303,307,308,310,328,302,351,361,336,312,293,279,281,265,315,325,315,325,299,256,272,316,335,316,340,367,346,315,352,344,365,318,355,370,416,410,388,384,354,348,368,399,425,497,485,456,453,465,473,460,437,436,360,467,550,457,399,368,499,489,517,528,539,518,547,627,633,649,628,600,593,520,601,589,540,655,686,693,712,782,703,685,708,651,760,810,801,806,768,667,694,690,674,623,685,693,678,679,696,714,631,588,419,343,343,313,404,324,412,392,268,139,170,368,260,244,446,392,366,232,305,409,391
325,348,376,326,341,334,235,281,340,362,364,368,361,326,331,341,338,334,271,317,341,349,323,285,264,289,299,318,379,315,355,406,392,365,400,377,374,392,406,389,376,389,405,421,440,507,512,440,473,418,493,439,469,437,437,389,447,436,511,555,562,465,412,477,455,465,468,539,515,553,586,651,700,649,650,667,585,628,622,640,576,557,628,645,749,796,780,790,776,731,822,793,880,798,777,737,756,741,689,680,726,756,617,581,634,602,494,395,498,495,426,504,567,400,263,174,138,269,380,512,317,182,189,263,282,345,408,378
379,341,352,367,370,320,275,290,340,364,376,314,342,398,367,342,302,297,285,350,346,341,300,290,269,294,340,343,365,360,332,416,424,450,439,383,366,408,397,418,410,452,505,538,518,467,443,516,472,562,524,475,442,386,493,355,529,569,569,577,545,508,496,461,397,532,504,518,586,597,599,587,682,665,643,690,614,650,716,697,694,706,736,764,785,727,759,731,803,799,748,833,872,775,835,829,786,755,706,748,744,739,609,365,325,367,389,480,426,457,497,462,571,410,342,364,137,296,481,521,453,350,371,322,217,267,234,283
365,350,329,362,374,340,325,267,276,368,380,383,421,406,396,358,334,309,323,321,312,326,314,301,279,282,289,313,342,403,406,367,417,450,482,467,451,429,448,465,462,500,566,486,451,536,518,619,586,529,511,470,476,440,445,370,483,554,600,611,569,612,548,505,428,443,549,525,532,583,589,550,572,577,653,640,691,725,609,629,605,721,657,745,820,797,813,857,874,855,826,857,852,593,648,646,638,689,631,609,598,474,292,237,232,226,250,306,490,483,440,443,353,480,390,359,215,235,428,474,541,619,471,419,440,437,398,303
398,413,368,358,411,385,339,357,345,399,373,413,353,367,370,389,355,327,329,343,360,360,380,329,332,274,344,323,350,385,369,379,452,456,395,434,469,484,475,463,505,557,521,471,565,546,614,571,584,572,528,472,528,440,527,430,445,538,598,595,646,624,572,488,586,514,460,444,486,528,552,607,630,659,605,563,664,600,645,681,780,716,847,766,733,738,764,819,832,855,782,607,572,463,458,444,420,385,322,258,248,225,188,219,249,314,231,259,369,428,369,305,174,316,267,132,261,307,476,648,612,546,510,472,442,559,404,349
405,411,380,365,412,392,365,400,283,346,387,363,359,368,394,377,380,371,356,385,388,402,397,357,348,336,291,288,318,374,333,368,353,432,379,447,464,510,527,541,592,577,532,473,537,599,636,625,556,557,491,561,511,522,539,417,455,525,616,642,625,626,602,562,566,635,666,597,477,439,485,563,646,664,531,540,595,679,632,759,829,860,824,775,841,831,805,850,805,747,564,422,337,316,294,316,263,256,223,204,187,190,187,188,174,174,161,179,190,169,144,135,272,147,170,306,220,329,523,640,556,510,507,489,512,527,426,387
443,448,414,417,423,413,375,354,326,363,374,378,430,425,438,441,414,389,415,450,452,433,462,409,403,355,342,388,350,349,325,320,312,390,372,458,549,555,554,555,597,570,500,524,677,673,665,627,681,620,541,590,605,568,516,433,494,567,632,651,635,626,613,554,526,709,677,662,601,556,576,530,490,481,594,645,637,696,754,757,791,785,698,845,876,854,828,831,789,636,359,295,242,253,247,261,224,228,280,210,202,236,200,179,141,153,152,299,209,309,452,332,375,394,345,452,558,358,331,481,543,569,542,567,565,534,414,308
421,446,465,424,443,376,395,276,323,354,349,338,377,396,401,395,450,429,430,412,434,443,409,401,379,379,341,407,484,417,433,486,513,479,434,356,461,493,495,533,539,539,545,589,729,749,713,663,635,568,583,598,604,526,518,414,452,529,575,666,704,697,711,603,728,745,781,781,798,743,723,740,539,582,529,663,668,790,715,750,757,802,742,591,648,640,546,646,533,335,283,265,243,229,250,299,302,277,194,249,290,254,286,268,325,235,387,477,419,140,262,497,573,512,372,334,382,523,434,392,460,472,530,384,334,338,327,301
465,462,436,432,363,362,352,292,424,426,410,385,401,388,421,377,400,457,491,472,444,430,415,446,395,427,389,385,456,549,559,537,521,427,418,361,409,472,566,550,616,598,650,622,668,693,686,678,609,509,488,517,486,490,541,489,588,604,523,565,684,729,673,752,775,712,760,761,758,719,644,614,784,827,650,586,621,686,715,759,748,673,455,549,442,408,356,364,346,300,251,226,222,241,213,232,265,266,219,217,209,234,164,159,194,277,394,380,436,412,194,434,631,507,507,444,435,433,478,433,471,399,446,331,286,275,331,359
497,475,409,384,412,369,376,344,415,406,448,430,423,413,361,421,420,414,406,433,452,452,457,476,425,480,433,428,501,585,521,480,475,525,472,455,400,506,555,705,709,663,687,719,671,645,635,681,578,540,622,623,524,570,526,561,622,597,644,506,696,690,743,776,757,727,786,764,722,693,749,760,733,776,820,820,740,723,732,612,574,429,322,302,292,292,299,294,276,270,214,160,211,194,199,191,201,198,201,217,252,237,263,324,310,322,318,319,162,204,274,568,596,632,622,363,376,289,313,435,580,409,295,268,228,239,298,387
488,477,458,401,443,415,388,385,422,411,431,438,444,421,392,378,407,450,393,409,450,521,522,488,465,491,494,463,541,593,553,540,554,501,590,389,558,533,425,518,617,672,683,581,630,564,622,640,611,570,655,652,589,722,666,561,645,659,634,612,643,645,644,758,755,775,803,764,739,725,750,803,824,784,807,894,898,890,814,518,323,269,243,278,251,254,295,279,254,228,231,61,165,241,200,196,254,372,368,376,380,489,478,440,519,449,473,266,145,234,375,346,499,474,431,416,286,238,295,335,321,276,284,320,275,254,344,351
494,530,492,463,438,415,403,342,379,391,440,434,481,476,476,472,496,474,439,485,431,460,491,550,583,632,561,581,619,559,599,591,610,555,433,509,657,536,448,428,473,562,566,511,500,584,609,607,614,610,591,663,641,683,559,642,773,712,735,670,593,642,739,796,767,802,817,858,821,864,798,867,906,860,787,784,674,696,739,356,239,173,215,241,236,240,240,205,265,279,280,181,288,248,263,250,362,388,387,488,663,525,709,468,359,336,293,220,161,306,262,305,305,289,204,270,233,211,228,256,285,252,233,283,209,273,320,336
507,491,447,451,438,412,376,342,392,407,405,430,427,424,426,416,495,528,526,457,462,485,513,581,590,626,621,606,583,549,628,653,660,446,638,539,668,669,577,563,461,485,526,501,484,531,600,692,702,647,617,652,657,725,661,643,809,784,749,675,746,846,881,809,831,821,783,813,792,796,798,730,686,578,585,517,525,472,300,162,119,225,241,243,262,254,210,201,292,301,261,338,373,282,300,307,383,395,359,589,650,517,394,417,343,307,296,365,222,142,225,307,200,167,176,179,201,197,211,282,272,303,240,200,262,244,273,258
496,480,437,421,444,394,371,369,434,451,382,413,433,458,427,456,565,516,535,489,486,546,623,631,721,695,625,665,645,559,557,528,472,601,780,729,773,757,710,612,544,620,485,594,762,712,575,717,672,649,730,673,660,755,648,715,791,750,776,647,818,868,845,849,843,830,852,837,785,703,712,716,622,537,530,467,375,308,284,244,246,257,246,232,296,283,269,225,275,245,255,342,238,271,316,313,409,457,663,606,537,534,367,343,349,353,239,203,154,148,141,149,148,146,158,149,149,151,153,151,163,182,236,222,258,284,282,288
408,436,428,429,392,360,350,365,407,431,414,439,504,430,434,477,574,518,571,498,533,588,638,718,716,695,699,607,704,643,638,619,644,605,737,785,784,695,577,611,643,686,549,647,766,849,670,710,709,730,771,715,721,739,783,738,740,810,825,695,841,898,878,882,862,829,762,755,704,548,530,449,593,517,439,344,310,291,278,265,238,201,277,269,284,341,278,312,310,287,229,213,310,316,385,386,464,544,642,577,517,494,388,308,334,465,345,197,163,168,175,150,148,148,150,147,182,162,147,153,156,161,181,214,234,243,246,218
398,363,384,350,392,363,421,449,410,427,456,465,501,449,485,538,554,550,544,557,589,679,745,665,678,649,653,604,743,809,777,696,717,677,809,840,713,646,573,701,734,666,814,744,814,851,815,763,829,823,712,810,844,728,792,850,772,829,725,728,769,837,872,792,780,759,755,736,716,665,599,565,510,485,384,354,325,312,322,308,298,285,214,186,241,238,280,304,300,214,265,265,331,363,389,391,404,483,477,509,384,420,350,313,285,227,241,192,174,180,193,165,150,148,148,158,159,175,158,155,165,168,173,214,230,212,230,206
411,410,372,443,410,440,485,446,441,470,492,506,543,496,560,599,598,647,594,712,693,691,706,721,677,686,685,749,837,905,911,886,751,926,915,836,723,719,848,741,762,848,654,715,857,944,966,815,891,901,816,806,837,802,872,792,908,854,772,747,757,844,828,813,767,702,731,778,666,593,545,452,383,358,344,331,314,346,338,319,295,270,250,243,252,230,257,277,255,226,239,245,272,326,341,444,322,375,344,320,297,266,282,254,252,253,196,176,177,188,200,221,195,160,153,156,169,188,161,154,173,203,153,149,159,158,165,204
467,376,405,453,423,414,457,480,475,475,502,543,564,588,604,629,657,681,684,683,693,687,707,698,710,690,782,841,868,864,918,855,790,896,845,856,860,702,805,849,889,913,890,735,906,855,972,1029,884,1054,990,1004,843,838,887,795,871,801,823,778,860,784,683,650,677,493,507,523,423,382,388,357,328,332,321,304,293,297,295,322,315,299,277,282,292,289,272,235,212,212,225,272,320,335,289,313,296,307,284,272,257,240,219,233,210,209,230,260,185,183,185,207,203,210,158,155,163,175,183,154,159,165,157,166,175,183,157,161
451,437,389,406,435,417,415,426,454,459,496,510,507,567,658,650,746,755,764,714,731,772,835,800,786,807,740,854,843,957,898,919,922,933,957,891,807,783,771,866,938,962,942,979,990,930,992,1027,1052,1195,914,862,943,872,883,882,888,872,850,784,655,608,532,486,443,397,366,354,319,262,237,255,240,319,348,311,289,282,271,260,271,291,286,304,301,273,267,250,214,223,259,285,257,255,257,280,355,256,223,195,225,222,191,188,207,211,200,197,175,176,198,215,215,176,159,197,218,177,176,193,187,184,192,210,187,208,156,160
503,435,495,406,502,483,461,431,436,412,471,522,523,562,622,686,746,801,757,732,715,792,830,930,871,887,917,900,888,934,944,933,930,892,921,956,852,814,842,871,963,967,980,975,1021,998,1033,999,1082,1164,1095,979,958,997,978,873,802,795,542,636,559,499,449,368,364,347,346,325,358,338,281,293,272,284,276,308,323,328,320,310,306,274,253,298,279,266,267,273,237,214,224,223,251,305,250,270,286,261,296,208,201,184,190,172,173,176,191,172,169,161,159,171,172,163,165,178,180,209,217,208,216,206,264,270,259,251,210,202
496,473,539,523,472,484,535,465,432,494,536,550,527,525,567,629,699,761,809,782,793,753,620,711,702,881,808,728,841,845,904,910,919,917,930,919,908,975,947,856,935,971,949,943,1004,1039,913,955,965,936,1169,1031,1014,1013,942,802,587,473,527,488,406,318,315,407,327,338,335,311,356,345,292,282,320,332,323,297,275,261,277,304,296,300,288,262,241,273,255,245,221,216,233,202,178,191,186,215,229,237,198,185,185,168,169,190,196,216,312,299,286,276,252,228,204,194,255,258,248,232,228,200,221,312,286,245,214,200,189,183
527,492,537,557,486,519,555,479,497,438,472,538,551,567,542,566,703,718,760,738,674,746,726,575,747,686,617,787,889,948,942,886,881,848,889,881,799,806,892,996,841,879,883,887,942,777,947,791,784,804,831,713,756,762,649,609,415,357,308,337,328,450,412,420,355,407,359,284,314,291,311,301,286,263,263,229,224,302,306,293,284,226,280,272,270,260,251,223,216,217,192,181,180,178,180,179,176,175,178,194,172,195,194,226,236,322,317,304,300,283,267,263,257,211,271,267,244,238,219,205,215,213,225,269,275,221,185,166
571,561,594,611,545,528,581,529,480,486,449,457,461,528,539,573,629,678,720,697,655,698,700,630,565,681,591,851,865,828,828,820,905,917,839,742,724,879,926,913,927,877,787,902,787,666,858,866,624,654,699,543,567,471,456,525,377,651,532,466,540,552,643,536,435,440,393,382,373,367,350,263,263,280,263,264,244,221,219,214,269,255,199,205,223,230,229,207,187,184,183,194,191,211,212,221,231,234,196,214,221,237,298,313,331,317,310,316,301,284,275,271,258,255,262,250,245,243,226,220,227,225,242,268,240,202,177,170
589,585,563,566,604,617,616,604,602,546,524,464,487,564,597,577,554,668,617,628,726,690,724,684,657,521,646,794,853,774,738,805,757,776,824,772,732,651,657,682,829,925,890,953,610,654,607,541,513,463,467,468,438,385,332,576,580,673,728,591,642,614,618,582,659,632,528,457,356,291,332,341,321,315,308,294,291,258,252,219,208,217,202,223,194,192,191,192,192,214,197,237,234,258,243,257,229,238,272,306,338,327,334,361,347,330,323,295,275,276,266,276,259,244,241,229,236,238,239,232,232,231,267,263,195,183,167,165
548,538,561,591,547,596,610,619,574,500,563,492,513,493,511,515,510,516,523,697,724,740,724,708,699,714,516,629,643,592,606,635,656,658,647,639,657,642,542,580,644,707,675,587,509,448,430,415,411,424,420,455,471,337,490,587,647,674,750,650,731,762,743,580,495,445,363,318,298,291,279,284,276,245,266,272,229,270,288,275,267,268,267,225,218,217,242,217,228,253,231,273,264,282,291,300,285,295,321,339,356,369,364,350,342,332,322,289,274,266,263,239,217,204,207,202,205,208,224,235,233,218,175,208,167,167,165,163
518,559,597,631,579,598,573,594,619,596,585,481,475,543,589,568,596,589,658,645,723,761,666,679,670,610,513,611,609,593,634,658,700,706,663,665,650,633,608,563,613,558,523,487,471,470,451,423,427,409,483,455,395,482,499,502,631,738,665,588,591,505,480,499,405,371,343,322,331,323,307,300,299,281,263,246,300,341,320,292,265,282,275,230,237,229,249,271,323,304,301,286,303,321,336,277,317,376,368,397,385,369,333,305,292,264,273,265,252,254,250,244,236,225,223,207,203,198,187,186,185,226,233,170,168,168,170,171
579,577,603,580,631,617,636,618,639,630,509,491,570,520,515,582,584,629,621,625,607,682,663,616,610,677,672,638,630,612,668,710,718,654,650,601,645,543,510,463,429,460,478,478,465,454,460,450,449,466,411,386,455,532,571,630,642,644,710,497,593,507,436,419,387,432,421,413,378,329,315,290,290,274,259,272,260,309,287,275,294,278,224,265,249,322,336,362,395,454,335,277,452,447,388,404,287,405,429,430,426,397,341,302,280,294,307,297,281,303,269,257,253,233,220,213,199,199,191,215,240,238,233,172,180,173,198,226
536,594,563,611,623,657,666,702,604,593,523,524,659,564,523,630,592,631,592,551,587,613,642,564,683,717,656,621,505,593,700,731,672,665,567,491,472,457,465,433,445,428,437,411,411,412,405,438,481,464,493,440,521,534,540,513,588,631,675,603,555,641,630,520,476,523,531,424,377,348,336,312,285,297,290,299,295,315,300,321,252,291,314,334,294,309,351,484,382,358,329,379,318,438,387,424,330,387,456,449,436,365,379,335,311,275,257,286,283,299,276,249,254,260,250,207,241,234,214,234,267,252,222,171,191,197,187,182
554,543,575,629,646,702,651,658,628,710,581,632,676,614,581,619,588,547,537,554,515,541,626,636,626,639,648,671,595,649,570,559,549,577,518,495,460,468,409,410,408,424,435,406,398,412,389,403,373,409,494,398,442,575,599,673,671,896,840,693,718,629,678,596,530,478,448,428,411,412,390,378,346,347,321,322,363,336,299,306,320,324,337,391,345,405,339,395,421,413,429,360,354,462,480,357,473,479,472,446,352,327,311,354,363,343,315,288,277,275,320,310,257,231,283,259,246,219,219,209,216,265,178,176,178,215,214,224
619,599,604,592,586,604,632,655,649,704,640,642,687,620,593,548,518,498,513,496,480,489,501,551,628,514,595,557,537,486,490,494,483,478,392,335,420,408,433,496,484,433,394,385,512,512,479,560,545,639,609,554,634,638,667,815,857,826,846,864,820,733,652,679,576,530,503,456,431,411,418,394,344,333,328,359,359,278,286,292,372,406,414,420,399,398,398,426,450,437,528,414,465,513,507,477,502,377,365,426,345,450,439,425,405,353,330,293,292,295,278,320,289,268,226,258,279,253,256,229,257,211,214,245,268,188,266,276
661,658,695,606,616,618,640,617,617,631,697,724,684,706,688,701,561,503,481,487,478,460,474,510,604,537,617,600,552,501,443,433,423,436,398,429,476,467,441,500,538,545,440,459,482,522,604,603,611,602,611,657,678,770,857,821,868,803,804,764,803,753,706,712,734,637,536,494,515,511,392,404,419,373,340,327,319,308,424,396,368,325,334,335,367,427,427,389,393,386,416,439,484,514,467,512,509,483,478,433,414,406,441,433,418,385,350,333,315,321,280,281,263,304,327,305,284,278,280,283,290,298,291,290,301,257,276,265
682,625,598,633,600,580,589,633,659,624,617,617,650,659,639,528,536,545,467,463,470,452,446,470,479,594,545,506,477,382,366,368,402,398,394,443,432,448,529,413,532,540,586,470,554,513,572,580,551,591,611,605,654,715,771,746,749,684,744,706,747,730,736,686,731,619,579,487,483,462,410,380,347,349,355,324,296,340,334,319,356,403,371,391,429,383,405,412,408,370,373,397,399,457,438,468,450,446,459,428,491,425,404,398,427,423,405,392,349,309,283,380,349,336,297,290,281,261,274,253,325,314,314,304,308,273,259,271
608,573,555,554,533,563,557,588,575,615,587,556,565,574,556,514,497,472,451,442,459,459,446,467,469,482,523,541,470,484,472,407,408,446,456,462,600,660,601,529,626,736,716,531,608,563,519,589,609,590,589,632,674,688,682,711,682,658,647,663,638,623,619,642,623,592,493,488,407,391,396,360,335,343,310,313,374,354,388,378,361,343,422,410,389,398,414,396,390,415,363,344,351,401,479,535,500,467,475,455,480,457,430,407,388,414,429,422,368,369,328,334,358,349,317,311,326,302,293,301,302,307,303,297,271,290,237,232
580,576,569,564,564,593,591,593,591,556,569,526,537,571,518,515,478,465,449,438,433,437,443,458,459,435,531,520,411,475,407,401,466,525,667,687,714,687,622,614,624,569,618,544,469,647,678,714,658,671,665,662,706,645,671,670,642,609,651,590,661,571,585,566,565,522,446,455,412,381,376,392,363,349,359,361,367,393,418,390,401,413,435,393,395,372,366,370,391,406,381,351,339,378,382,431,451,434,482,426,462,481,471,462,422,398,383,407,433,430,405,401,359,364,373,363,355,326,297,303,310,329,322,286,275,275,240,256
531,556,513,564,554,523,515,517,604,594,554,555,515,490,451,446,451,452,452,436,447,442,432,447,435,432,416,482,494,492,465,543,594,719,760,720,738,730,683,649,660,645,649,604,605,693,713,670,658,695,692,671,757,721,602,636,626,590,640,599,575,595,525,552,560,515,528,427,403,383,428,380,430,415,377,369,372,430,440,488,498,424,410,414,403,372,363,390,376,362,388,334,389,371,385,391,460,423,439,388,469,463,481,435,422,427,407,404,407,387,404,422,410,397,379,364,351,320,337,342,344,341,301,335,333,320,271,224
574,583,550,561,537,566,522,517,484,516,480,533,475,467,461,440,450,451,435,427,431,423,425,419,418,423,440,482,511,507,596,576,582,672,738,732,800,809,778,775,721,723,710,640,575,691,713,726,686,669,634,595,661,641,569,655,583,582,592,656,587,512,494,539,504,467,467,547,540,486,579,545,471,394,402,382,438,470,479,488,446,402,385,370,363,429,395,358,338,328,324,356,333,354,433,442,464,453,429,379,411,467,446,447,465,436,396,419,387,400,412,440,411,390,388,376,372,350,355,352,348,355,354,335,252,266,297,213
583,584,593,590,580,577,567,583,607,513,492,446,463,445,442,439,464,482,475,429,456,454,461,437,463,447,464,485,526,632,681,703,699,716,787,752,831,777,789,717,738,697,694,589,680,667,700,690,659,651,637,622,636,609,600,586,524,549,565,576,558,478,551,467,457,559,590,476,561,590,611,574,446,413,430,439,468,467,515,539,543,554,439,442,419,383,350,366,350,373,355,381,338,326,422,425,435,422,435,440,372,431,414,374,458,465,450,389,363,441,433,414,383,400,402,390,383,371,364,371,379,376,366,330,321,361,322,265
620,595,593,593,557,534,526,529,527,473,512,537,532,573,589,593,514,454,469,460,475,470,456,437,472,467,441,465,627,701,696,702,749,714,815,801,846,837,796,778,724,701,603,613,676,678,698,660,638,599,595,622,630,601,581,639,668,644,609,505,573,533,574,534,527,582,569,434,532,559,585,598,460,449,475,482,515,542,569,593,550,557,548,477,409,384,373,396,414,414,417,454,439,398,336,381,405,402,405,432,427,419,321,407,454,435,434,400,387,392,410,387,389,385,385,404,389,389,381,352,352,342,349,375,290,296,249,222
542,604,612,598,563,533,522,517,476,571,590,586,596,626,540,557,547,520,494,452,452,449,444,479,466,481,459,491,523,647,749,835,807,838,852,826,793,750,758,717,704,730,688,572,687,637,672,659,649,637,631,604,619,644,629,597,575,554,557,550,519,537,512,483,498,493,534,478,549,551,582,548,451,464,478,511,520,559,563,531,526,485,531,534,510,512,503,522,510,509,484,476,441,439,397,400,365,356,303,351,400,334,278,438,430,407,448,468,463,447,400,332,332,398,430,398,403,405,399,400,398,386,384,356,342,314,317,321
519,547,533,525,522,508,510,502,516,516,523,549,588,582,517,526,518,510,501,451,471,467,510,463,514,519,550,510,501,693,792,964,900,919,836,806,799,821,806,764,740,698,640,692,708,671,625,627,659,666,638,638,632,638,638,657,571,557,547,551,544,557,506,492,461,467,518,444,431,556,552,492,445,464,514,537,531,542,525,506,495,463,507,496,482,479,458,439,457,455,445,412,442,427,413,436,442,452,389,323,280,298,361,399,416,380,409,425,455,419,393,384,427,347,352,407,388,373,376,390,376,353,327,336,334,299,319,269
636,615,574,513,528,507,516,580,593,554,591,597,550,597,533,476,549,514,494,478,544,515,521,494,567,601,561,528,572,538,613,708,857,887,867,850,811,775,772,731,716,675,657,682,682,697,716,687,656,677,671,688,829,712,675,708,660,593,563,574,520,510,577,558,494,473,477,506,458,523,510,480,451,515,567,543,535,524,526,491,498,464,458,471,444,448,411,401,459,471,461,435,425,348,384,293,327,302,252,371,393,403,287,307,318,289,372,398,378,402,458,390,387,346,311,408,394,379,351,369,359,382,363,350,360,344,290,191
638,535,530,559,532,600,640,630,574,548,546,529,599,513,491,491,545,579,538,508,518,609,622,571,633,669,730,588,610,637,597,612,611,644,784,796,762,797,789,762,753,736,711,651,657,681,714,725,695,663,671,631,691,621,710,687,700,675,596,542,556,613,476,479,526,442,482,434,435,455,486,428,381,491,543,517,510,520,485,466,462,445,393,393,394,391,396,348,402,396,414,412,426,389,381,308,430,435,474,445,476,427,419,384,385,351,300,245,288,285,381,394,435,419,293,284,410,414,382,373,325,354,325,266,237,304,302,191
555,549,538,554,565,583,572,550,605,594,567,542,511,514,477,533,535,574,563,564,514,535,569,637,642,779,803,714,636,620,606,616,606,565,620,653,681,788,765,760,715,738,717,705,645,668,689,703,678,659,673,655,638,636,695,671,680,665,654,561,511,494,527,533,454,443,556,522,473,447,406,356,413,445,511,513,489,467,447,443,446,454,443,448,452,442,430,418,356,386,344,406,407,368,321,479,537,521,411,471,420,399,380,417,386,312,357,387,379,361,240,349,300,301,385,422,386,384,394,368,381,376,381,356,338,199,192,197
574,615,676,596,712,640,602,639,548,611,535,518,500,521,510,575,610,604,592,663,561,572,567,659,739,835,721,703,701,647,716,697,613,604,565,576,577,687,698,662,719,701,695,673,675,666,682,712,690,680,723,618,554,616,626,660,676,608,532,501,520,587,585,569,490,529,527,518,466,484,438,451,471,472,465,509,478,445,440,421,417,423,432,396,339,384,382,369,263,262,313,332,333,343,357,375,421,415,397,441,488,463,583,458,435,332,297,419,287,245,221,272,350,281,416,394,408,393,332,381,366,382,290,242,196,199,251,240
590,650,661,693,713,712,639,550,527,520,516,517,519,553,590,570,580,582,611,705,703,733,661,688,769,782,705,766,686,654,654,669,605,572,563,536,542,568,635,633,712,747,732,734,695,705,688,625,630,623,624,549,498,592,556,591,649,630,578,575,580,618,665,635,607,569,574,514,584,503,448,454,332,422,460,460,482,427,448,421,378,398,379,363,341,291,329,261,413,390,390,407,311,459,494,487,438,469,457,435,498,508,488,443,429,348,277,256,236,400,391,349,294,272,306,358,351,379,376,340,278,270,223,268,214,339,333,197
705,725,767,789,702,661,572,509,526,524,504,513,530,533,535,526,538,541,559,577,637,659,668,685,700,700,699,734,653,618,617,642,638,582,559,544,554,537,572,627,585,696,703,673,699,651,679,649,575,544,567,510,569,536,554,598,623,667,636,599,616,621,596,591,602,559,523,556,496,437,417,445,442,414,326,417,455,406,395,373,353,343,343,282,269,420,332,420,443,415,381,397,392,544,527,534,509,511,455,387,390,460,439,437,349,295,247,342,319,343,419,395,389,386,341,320,212,210,278,234,206,240,295,383,348,315,203,326
834,846,723,657,632,542,536,501,505,505,487,509,498,508,520,520,543,554,528,540,555,582,591,588,705,733,654,637,639,573,633,630,632,549,551,568,535,525,585,631,598,604,663,681,639,625,581,622,606,555,574,557,522,483,531,553,555,585,591,575,557,585,591,590,547,494,465,493,512,514,488,433,425,455,456,421,381,359,401,381,386,336,408,382,370,420,416,447,445,425,442,444,373,516,528,583,561,495,411,392,343,315,340,296,265,258,425,377,344,367,455,409,332,327,314,318,291,296,286,380,471,506,370,364,358,337,252,250
757,593,627,555,540,564,504,497,485,474,492,488,487,475,491,494,526,508,541,548,569,571,590,595,654,666,672,663,610,643,544,537,530,532,526,536,512,519,525,609,569,538,574,609,644,569,570,567,612,545,549,539,517,490,541,554,557,599,581,534,540,537,512,526,537,531,507,479,430,474,516,465,422,421,504,488,469,411,411,368,300,364,418,407,346,428,427,448,440,469,474,428,470,427,465,526,551,492,402,357,366,409,327,304,313,276,368,407,391,374,381,481,365,340,287,298,325,375,427,504,510,417,409,368,310,356,345,201
637,571,559,515,506,530,502,499,515,508,488,492,516,507,512,521,501,495,532,571,600,624,693,666,737,760,765,786,748,700,614,629,594,553,519,508,481,495,516,607,630,584,531,598,574,613,596,546,517,510,506,553,537,465,461,545,514,532,508,488,535,507,492,527,526,482,487,463,439,424,466,430,476,463,446,461,432,370,349,341,323,436,440,410,386,486,462,458,471,468,499,382,530,411,462,496,465,419,404,361,353,359,315,312,369,321,298,302,355,416,392,389,321,343,399,446,516,564,517,451,374,357,365,359,343,393,358,255
494,515,508,489,473,482,508,517,484,505,522,532,547,547,507,513,504,530,551,614,637,685,760,735,705,722,668,680,682,688,696,642,550,547,492,482,495,481,489,552,570,528,503,554,534,580,595,565,545,552,481,434,419,467,396,492,506,494,483,471,493,524,496,461,498,460,437,489,440,434,381,438,425,404,442,385,362,382,355,367,291,438,456,459,400,421,469,506,554,540,508,437,467,460,465,492,461,404,371,390,373,336,329,391,352,324,338,324,315,333,344,355,397,482,583,590,525,457,444,488,450,464,397,439,411,361,330,253
515,479,482,467,469,500,489,515,468,514,514,538,563,551,551,522,524,535,563,649,635,614,671,760,738,649,627,597,597,593,598,583,566,563,529,518,517,485,461,553,570,551,537,447,556,552,529,517,549,503,471,482,466,424,459,371,444,465,445,476,481,474,474,443,478,448,402,464,459,420,379,391,410,373,332,378,396,377,397,352,308,420,426,445,454,440,533,610,581,550,487,450,521,464,434,455,490,419,400,385,390,428,363,362,325,413,379,337,337,355,387,459,642,570,507,460,444,428,418,420,410,387,345,307,327,316,347,361
600,604,615,580,513,497,442,453,522,546,528,548,523,548,548,556,545,590,579,558,577,597,639,768,747,708,690,586,533,562,556,564,564,537,509,479,501,492,468,447,527,530,514,429,674,555,491,518,535,552,535,512,504,476,442,433,415,412,432,400,419,454,455,440,431,445,409,442,383,416,425,410,385,352,374,365,365,393,344,332,289,368,408,461,461,577,607,613,595,578,527,586,503,449,451,503,486,449,418,487,471,401,457,442,349,609,483,370,378,409,503,521,556,461,445,455,444,411,368,346,356,375,359,309,335,380,414,344
613,643,611,548,563,555,475,442,498,524,515,516,517,533,547,550,583,615,654,610,631,639,729,758,730,676,589,657,574,561,582,534,479,470,477,504,491,467,487,497,523,555,536,501,528,502,493,498,515,504,486,497,473,463,451,442,415,407,363,377,371,354,422,429,432,384,340,378,438,400,453,400,361,394,372,347,344,341,338,340,373,409,453,472,469,544,506,469,503,483,498,496,466,450,458,522,499,493,506,462,518,549,538,494,419,397,492,493,511,557,572,492,430,403,387,395,391,398,387,353,357,336,291,429,385,412,384,336
509,498,552,583,497,514,487,429,458,478,482,466,493,572,579,609,625,643,738,708,760,704,785,794,798,756,667,623,621,678,628,597,532,499,499,492,494,487,489,494,500,542,496,548,485,403,464,421,463,462,476,427,422,455,455,427,461,451,431,403,384,384,372,342,333,331,325,337,337,384,393,411,354,311,322,333,337,415,388,347,421,449,425,402,398,402,415,463,467,448,431,474,471,506,477,519,507,487,562,558,565,622,551,527,469,455,400,615,589,566,521,458,462,442,414,379,394,354,360,388,454,356,370,437,401,339,346,386
484,510,458,449,499,527,498,438,448,430,478,525,521,545,597,615,747,723,747,868,809,775,740,757,765,698,676,642,668,674,647,578,524,532,506,508,494,486,482,479,495,544,518,505,486,531,501,459,429,458,454,427,406,461,410,458,475,473,473,476,429,433,417,391,353,369,362,342,320,310,306,307,306,300,301,334,354,391,376,326,356,373,381,389,401,391,396,393,431,517,632,578,591,625,532,560,505,512,555,617,585,628,619,567,616,613,437,496,536,525,458,458,433,412,392,378,376,368,384,416,506,454,425,393,391,482,422,439
491,484,462,428,450,490,455,410,483,448,487,465,509,529,525,581,660,701,697,779,852,771,684,690,735,727,721,711,654,662,606,594,673,673,513,507,497,503,492,485,484,545,571,514,525,505,464,475,480,447,406,370,431,464,425,475,494,474,472,431,439,471,455,423,412,397,382,365,353,319,338,334,330,332,320,369,374,437,483,398,445,512,419,374,369,401,429,572,544,520,555,540,503,525,537,597,608,626,617,684,650,738,722,654,569,507,432,483,487,453,434,434,417,393,391,398,408,415,406,408,455,432,443,365,394,272,343,282
463,459,458,449,436,424,412,402,469,451,478,500,537,498,548,554,599,596,682,728,727,707,658,688,758,682,701,635,572,595,657,734,595,565,527,519,507,502,490,487,469,465,520,508,480,481,501,508,504,466,446,406,435,458,494,483,410,387,375,366,353,354,373,352,336,361,379,349,374,367,350,313,350,308,350,317,385,435,498,397,420,450,450,407,416,393,386,420,441,441,474,602,504,510,592,674,735,772,808,768,680,611,587,532,520,511,475,515,495,516,463,454,432,420,403,387,450,466,441,398,335,319,362,286,273,328,378,416
452,458,432,432,420,412,418,404,404,489,575,514,522,536,526,582,614,659,592,576,610,605,648,654,701,588,636,648,557,530,546,636,649,597,534,569,527,528,515,476,470,481,509,497,478,456,429,439,451,432,410,442,473,496,480,435,392,372,369,368,371,348,342,347,334,348,330,330,332,341,319,375,364,340,318,356,343,331,358,381,433,495,530,481,455,425,431,480,425,499,549,524,606,706,619,573,670,734,738,854,786,692,601,623,622,518,463,494,537,474,444,437,443,414,432,446,474,446,443,440,405,281,306,336,368,344,346,370
423,431,421,414,410,401,412,396,402,526,580,559,590,521,505,559,552,650,651,549,636,712,701,646,744,638,539,585,560,525,531,580,574,626,766,681,544,519,482,505,489,492,469,539,537,494,485,457,434,460,455,495,515,466,431,426,417,417,393,389,385,373,388,363,340,341,352,353,371,321,357,383,361,338,431,396,455,517,377,340,493,493,486,484,505,523,499,472,477,466,563,622,623,636,734,685,703,747,773,763,753,711,705,633,553,517,501,573,567,517,520,495,513,530,472,457,436,382,397,440,330,298,330,359,371,360,344,357
405,407,429,465,445,433,394,390,470,481,525,637,588,511,499,544,598,715,679,559,590,679,650,586,749,606,547,565,537,525,510,581,595,678,696,644,583,532,535,489,457,458,439,440,426,422,466,442,432,517,520,525,492,464,450,456,436,413,388,397,393,386,365,351,377,367,351,364,322,387,409,379,378,333,440,406,424,480,421,375,360,411,410,403,435,486,517,517,520,560,551,603,682,630,700,757,818,827,816,709,668,661,598,556,552,561,528,552,553,575,535,477,486,478,455,436,432,360,375,331,325,359,315,379,404,397,365,431
391,409,425,496,420,401,386,416,511,458,548,548,548,513,507,559,601,604,622,553,561,596,554,564,539,511,535,527,508,510,527,532,565,604,720,585,519,499,505,480,475,547,483,490,477,461,450,454,460,482,505,476,444,475,423,407,420,384,394,392,375,353,354,338,327,331,323,338,351,366,418,489,519,359,385,426,477,490,431,397,377,440,448,505,450,458,515,548,534,565,635,661,677,633,659,708,710,691,711,739,654,594,590,601,592,639,559,547,551,578,528,478,486,455,463,445,432,411,354,319,357,373,366,388,465,503,399,428
415,407,390,386,403,391,387,424,470,453,450,529,456,557,519,538,540,564,592,649,512,522,494,492,499,525,500,508,513,538,542,539,555,597,641,540,512,485,501,475,492,509,556,537,506,478,440,443,482,511,500,467,459,430,402,399,382,363,347,360,358,368,397,417,399,365,368,365,373,414,430,426,440,338,418,435,475,452,421,440,375,377,415,447,489,486,533,500,502,557,625,654,684,684,672,711,606,612,574,599,554,558,611,545,538,564,534,533,579,583,489,503,483,419,442,379,455,445,362,351,443,378,375,453,456,528,520,474
452,418,433,416,393,382,382,491,468,404,439,454,513,523,526,524,564,609,561,535,513,492,506,512,520,519,521,508,507,497,549,504,527,601,633,525,503,548,551,535,505,533,557,492,537,520,494,480,500,489,494,494,490,498,463,447,415,385,391,423,389,362,438,452,405,370,361,368,392,373,364,342,369,471,505,499,484,470,498,457,375,449,496,432,433,440,451,475,570,589,606,637,665,704,661,591,549,540,538,525,542,518,526,561,516,512,495,514,529,522,537,553,484,513,465,489,347,414,384,390,423,419,455,388,490,424,472,471
478,453,481,451,421,380,381,386,450,456,429,415,463,550,597,583,538,537,491,495,498,531,557,542,529,503,545,525,536,507,513,527,608,585,553,491,441,438,458,535,467,492,504,450,503,478,438,438,491,502,461,422,428,436,433,388,386,353,431,445,409,383,417,433,421,380,377,388,385,362,362,348,376,397,431,531,561,506,492,409,432,383,443,484,536,534,586,527,514,568,666,766,768,673,662,600,603,633,572,532,511,521,491,493,490,490,482,499,514,520,530,574,570,517,433,352,419,400,421,502,476,479,496,399,496,540,504,485
496,463,436,417,432,439,387,519,548,483,582,592,582,485,512,556,514,521,606,600,512,577,630,603,594,550,526,554,534,585,538,597,598,566,522,608,509,488,482,497,426,412,406,438,437,485,455,419,465,500,501,466,447,458,449,429,366,392,430,485,453,403,387,460,441,404,481,440,409,376,351,389,466,443,474,505,549,503,420,452,422,400,440,462,493,540,573,630,613,585,629,677,673,706,753,687,668,694,666,586,546,516,488,469,506,475,470,505,483,547,534,514,469,478,396,352,477,429,482,523,565,531,454,480,426,464,510,504
408,418,405,402,397,374,457,517,440,517,530,559,494,448,570,625,597,577,579,670,596,575,587,639,608,566,600,575,579,629,681,812,798,625,580,580,628,522,489,482,467,443,496,409,426,419,418,419,460,475,412,431,430,397,375,367,373,403,482,465,472,418,392,386,412,445,507,423,398,357,361,371,412,457,502,582,507,443,468,461,449,523,440,396,442,527,613,626,624,624,662,654,616,710,651,603,612,608,640,624,557,515,497,491,475,474,465,459,488,484,516,510,482,487,359,413,384,447,494,524,507,474,479,492,453,457,480,553
433,435,410,401,394,401,385,411,410,477,530,519,484,490,532,581,626,660,704,688,735,721,603,656,641,656,775,689,684,733,705,718,841,669,557,580,600,573,545,527,469,447,466,414,404,385,390,379,396,395,372,367,365,374,365,400,409,413,449,483,449,398,452,435,426,436,478,414,365,361,413,479,448,434,508,528,480,483,594,496,495,601,603,486,443,516,507,505,555,614,628,587,567,598,597,560,538,576,583,534,521,503,493,500,487,516,465,443,468,476,459,460,459,447,357,352,384,465,474,517,517,548,556,547,529,503,612,619
445,445,456,450,464,461,427,371,431,480,459,507,419,469,544,513,568,659,638,581,668,658,631,604,572,663,687,670,671,801,744,794,756,719,540,594,712,646,544,512,493,444,434,421,420,416,384,379,413,403,463,460,447,430,370,400,440,435,419,425,459,432,449,456,422,469,480,406,362,409,506,479,546,470,481,536,535,561,572,533,518,479,548,513,433,453,521,535,524,532,575,535,547,516,523,518,514,507,557,549,567,530,566,571,501,506,497,460,442,453,464,470,517,458,400,353,402,464,471,486,508,530,504,536,543,529,555,575
528,547,519,564,488,479,473,379,391,401,504,525,531,529,460,522,573,560,560,503,588,536,592,551,623,686,689,653,688,701,641,691,579,619,569,615,722,635,566,482,531,460,452,409,451,407,401,428,442,472,450,392,417,396,433,404,428,499,438,527,480,448,418,467,449,510,489,380,364,467,475,437,474,518,563,570,554,522,510,452,450,513,444,489,429,417,473,487,482,611,570,553,503,494,512,504,519,542,492,503,550,506,513,530,529,476,471,466,494,424,423,433,456,459,468,429,383,458,454,466,503,498,488,499,552,538,529,565
564,479,479,528,558,470,416,372,378,418,476,532,568,547,546,543,578,557,461,493,546,616,592,582,619,546,722,727,699,646,601,676,545,614,602,594,800,679,600,674,580,479,447,413,432,448,428,455,471,469,442,390,460,431,417,423,443,439,502,535,437,485,539,490,530,644,428,372,433,427,414,450,479,490,476,554,564,553,479,483,552,496,450,452,450,426,453,465,501,521,532,578,501,484,499,499,515,507,478,509,511,508,480,511,500,502,535,488,484,448,417,429,461,437,440,356,438,454,438,475,501,474,499,513,534,477,487,537
536,423,405,451,475,507,520,415,365,406,461,481,475,467,482,529,579,485,435,489,536,516,567,539,535,567,683,830,663,586,525,557,625,683,704,524,601,599,840,681,556,466,434,413,434,467,454,542,503,479,432,397,429,478,420,446,570,508,457,541,507,519,484,588,629,431,381,411,423,470,521,455,466,448,492,522,515,487,524,461,508,508,452,502,466,440,454,492,497,529,594,544,542,572,479,490,480,496,495,499,542,490,481,454,495,507,477,536,475,456,409,418,435,447,443,441,415,431,461,497,504,464,482,504,509,456,479,512
434,439,397,393,447,428,426,445,367,439,423,490,418,475,485,481,517,496,422,507,595,620,557,526,543,555,598,720,672,562,493,534,575,613,641,589,517,519,640,862,663,486,444,432,516,476,460,454,427,451,416,417,467,484,554,663,513,478,496,577,510,453,420,423,518,389,450,442,395,421,406,403,409,419,456,509,546,480,532,468,479,539,562,556,521,481,585,594,589,549,552,559,535,480,488,472,474,455,458,455,460,486,448,463,473,425,418,452,477,447,437,419,414,410,441,418,398,421,430,442,468,450,450,486,525,482,464,449
471,420,386,378,377,371,392,391,489,457,478,444,387,439,485,505,486,470,554,567,605,534,564,534,503,480,509,534,648,534,512,527,503,560,635,596,503,554,685,737,821,756,530,452,488,475,581,538,496,465,423,427,422,450,464,546,517,573,536,485,483,469,473,658,498,390,457,465,405,398,407,419,433,480,488,566,561,507,575,511,664,652,600,538,571,521,587,551,572,584,547,525,502,506,479,458,456,484,447,452,448,430,429,429,476,459,491,451,442,446,437,426,410,408,417,412,384,424,379,422,468,458,507,524,494,509,486,442
381,403,385,425,384,368,362,369,492,367,379,424,456,379,430,404,448,483,543,462,450,474,550,499,493,482,507,548,531,506,505,490,528,492,548,617,498,681,728,666,755,587,525,495,481,534,535,513,464,473,441,451,421,503,663,553,704,627,534,477,446,571,663,494,434,447,389,397,423,411,408,437,468,471,553,556,531,526,584,553,595,602,572,527,542,512,518,525,536,536,597,550,558,514,500,501,469,503,473,445,442,446,467,454,524,513,475,443,436,427,446,432,411,405,422,407,398,405,402,403,417,461,509,537,498,484,487,508
392,388,367,366,376,362,382,462,370,385,467,420,441,487,406,426,380,409,468,448,555,632,529,510,488,472,467,501,524,509,532,485,479,465,476,479,524,598,751,859,970,761,733,572,507,556,591,568,593,524,523,472,513,436,444,575,683,712,623,549,481,577,500,461,418,395,395,419,410,444,440,462,530,684,631,578,625,565,537,563,592,528,543,542,529,556,542,494,499,482,479,473,484,534,522,507,510,547,534,569,540,528,516,549,531,529,514,485,487,446,510,514,439,421,384,369,414,433,455,408,418,454,454,504,500,470,476,493
491,418,385,383,359,358,360,368,368,378,415,469,535,414,502,503,426,408,416,415,488,446,503,582,589,472,455,489,479,472,467,475,458,589,632,490,514,530,618,790,829,759,766,615,532,530,564,550,565,503,459,492,517,551,539,494,568,491,512,578,532,484,453,412,401,422,408,471,418,414,439,469,512,622,705,615,558,544,581,576,614,506,499,482,538,605,523,526,478,470,436,451,453,506,494,535,562,546,553,543,504,483,529,486,464,479,507,484,485,468,484,489,467,411,426,443,487,448,420,428,367,402,492,499,484,472,445,481
424,395,420,368,355,362,366,363,376,370,390,402,505,495,492,484,475,439,383,406,441,488,440,575,509,510,470,450,468,454,450,458,462,484,515,621,598,776,720,635,863,666,589,522,489,522,501,480,484,445,432,471,437,482,530,540,531,579,453,473,571,458,439,414,418,439,483,511,432,566,548,488,503,634,660,627,612,572,574,547,543,542,506,470,459,495,482,524,480,457,439,426,452,447,448,478,508,531,541,525,513,534,486,463,471,468,462,457,500,516,448,412,431,414,381,412,489,461,435,438,441,398,417,467,507,480,455,456
418,362,360,349,433,411,388,399,390,397,393,384,441,527,535,534,518,481,418,419,455,477,481,577,543,564,473,474,501,519,509,473,464,539,493,532,727,483,503,699,893,725,586,503,448,540,443,453,493,424,424,424,483,459,501,528,627,566,530,438,495,423,417,427,492,465,556,672,438,498,518,507,703,637,643,594,594,636,556,515,579,522,481,496,479,472,456,440,440,437,455,446,430,441,429,445,467,534,513,491,491,492,507,464,437,472,434,449,458,482,457,396,392,382,412,496,493,476,489,515,434,409,365,455,450,480,463,436
395,362,355,356,357,357,377,413,417,457,420,422,427,394,404,463,431,470,513,456,449,468,440,499,563,575,565,542,585,620,569,559,483,602,590,518,731,558,410,494,674,628,439,410,396,404,417,439,462,418,456,480,435,473,550,632,541,591,451,443,436,461,583,519,446,463,603,530,459,549,666,627,597,581,562,545,572,738,719,545,547,477,472,469,466,472,511,464,444,493,438,418,445,432,413,426,442,442,455,488,451,451,446,490,456,512,450,436,438,476,449,404,407,376,381,509,561,542,504,473,438,412,413,384,405,431,464,427
492,437,353,353,371,367,375,372,392,452,456,419,408,396,386,393,383,425,427,469,505,484,511,455,434,463,455,543,465,461,444,606,547,575,540,528,549,418,392,390,401,427,436,438,407,411,461,429,450,505,461,502,532,581,612,580,517,485,477,454,462,498,569,719,484,504,488,557,556,507,611,625,591,569,-21390,538,565,618,584,572,530,552,571,542,522,465,445,438,469,529,473,449,427,429,428,409,467,462,430,551,520,414,510,436,433,438,456,422,399,382,423,409,383,409,377,407,432,512,625,488,460,442,398,403,376,469,483,445
495,432,403,349,358,360,361,375,379,412,411,474,431,418,388,385,388,387,401,405,449,494,532,430,413,421,432,521,489,424,402,454,441,512,452,519,545,460,444,395,439,397,386,509,515,462,449,481,450,477,555,537,526,665,579,684,542,558,589,600,484,517,562,655,521,642,580,654,661,698,621,595,712,619,578,694,552,511,534,509,492,590,567,533,563,461,447,551,527,563,544,499,479,492,427,418,407,407,411,478,469,426,409,402,399,416,471,393,390,381,378,399,365,378,417,402,412,450,495,531,550,457,429,413,364,434,482,435
490,442,370,352,353,373,387,405,432,446,416,398,402,395,373,430,424,443,417,405,405,432,464,510,443,399,442,406,423,417,379,406,422,398,383,404,451,383,394,373,381,383,484,430,548,556,742,606,549,517,468,522,550,616,691,656,792,830,750,583,524,690,789,726,571,763,918,802,738,757,797,703,623,779,785,692,672,579,574,488,478,507,454,461,533,463,496,495,486,517,524,477,464,431,448,437,429,412,417,395,421,398,395,401,387,385,380,378,373,369,382,368,366,386,445,446,388,397,460,439,582,509,431,420,384,408,458,453
441,416,360,349,369,391,413,437,452,459,437,387,379,384,371,422,478,488,454,426,387,388,400,407,423,382,393,402,397,393,403,379,391,438,415,405,403,371,377,399,455,483,399,500,614,680,648,907,1024,856,681,524,724,757,756,847,919,935,765,622,548,578,718,1020,754,681,874,763,746,782,802,750,753,688,642,745,607,623,754,559,474,535,644,507,534,490,496,516,569,591,594,496,471,509,609,576,573,478,472,431,414,403,466,480,448,426,397,407,400,391,397,419,442,370,377,376,378,387,387,423,477,531,543,529,519,397,364,363
405,345,351,358,372,419,520,363,381,446,471,426,375,371,379,396,438,449,438,432,396,434,412,393,367,406,368,378,368,359,361,364,366,365,370,367,369,380,389,492,508,602,600,561,616,565,459,530,592,739,637,660,659,640,701,767,867,953,1076,905,676,727,749,747,1008,1093,999,802,808,832,937,905,809,690,657,571,539,576,532,528,599,643,603,519,505,494,541,663,599,637,567,592,548,572,567,633,643,632,528,603,415,505,438,498,467,477,440,436,472,437,438,436,409,425,396,379,383,376,384,484,431,507,582,511,518,434,427,442
379,386,420,413,420,447,412,408,488,390,359,353,346,356,353,371,423,411,396,404,436,473,458,432,393,364,359,437,469,368,382,378,372,384,375,381,490,477,378,452,431,498,539,544,488,423,497,463,491,491,463,467,512,615,529,607,703,1006,1199,1013,786,709,705,918,953,1219,1115,1031,978,1046,1030,952,843,781,860,664,591,724,676,501,605,645,739,671,578,551,579,702,667,665,605,578,523,627,575,598,533,514,531,477,517,566,474,502,485,513,463,496,525,508,462,437,455,425,426,401,411,403,397,407,418,484,530,509,504,483,456,466
393,386,387,390,416,472,442,353,481,472,506,405,408,386,392,411,385,388,351,351,387,353,376,442,412,419,416,444,484,385,408,393,410,410,385,389,465,420,383,548,548,448,476,453,407,447,592,771,737,762,773,765,593,698,724,610,644,732,829,990,1164,1148,1004,945,835,1037,1093,1034,1030,918,991,939,905,825,843,771,635,685,655,564,633,704,746,777,658,600,581,708,733,664,722,680,640,633,550,555,538,529,511,556,445,504,553,593,570,506,503,526,528,558,541,483,411,432,442,414,400,410,416,407,416,489,446,438,452,492,506,490
376,389,365,366,387,380,338,499,533,520,413,425,413,459,485,449,477,500,516,437,457,504,496,442,469,493,491,480,466,424,421,394,437,463,465,432,458,471,456,377,380,381,406,420,471,416,459,524,619,668,1013,894,941,949,912,820,744,602,785,913,1057,1072,1238,957,894,1025,902,960,959,929,921,869,971,943,932,756,804,702,634,546,718,707,817,863,768,755,727,807,807,799,829,719,679,620,575,586,572,576,601,514,447,522,617,555,561,585,567,586,519,487,516,574,453,401,396,423,410,387,417,420,420,458,420,421,432,454,493,464
396,365,356,370,361,370,336,424,471,569,539,454,477,500,527,554,547,579,539,555,517,497,429,470,453,481,520,580,566,481,427,492,518,471,482,510,528,476,455,386,432,551,444,389,557,607,600,534,460,507,548,601,690,779,909,1092,924,862,874,940,991,1049,935,957,776,841,966,1151,1012,897,913,870,831,823,834,964,874,787,754,719,742,727,757,818,881,1026,919,989,925,772,759,685,661,622,673,682,726,643,610,591,524,496,588,552,497,532,616,532,551,492,446,425,414,432,409,406,394,390,393,410,411,430,411,414,418,445,526,482
417,383,419,376,337,405,433,475,463,532,536,470,436,467,536,564,566,512,548,643,508,598,488,482,607,634,588,585,552,516,471,562,521,457,556,572,544,533,454,416,508,528,561,448,472,467,622,748,726,579,553,524,605,654,910,1163,1195,1106,997,1141,889,934,844,741,796,948,1051,1160,1240,1021,975,917,856,855,843,841,1104,942,802,739,803,637,815,738,777,904,899,834,774,817,709,759,770,766,701,749,669,615,633,495,505,573,550,513,504,490,491,552,481,467,441,422,557,502,451,439,420,426,418,394,401,400,406,406,415,435,461,477
434,374,392,415,332,405,485,465,458,503,458,426,454,458,451,537,529,563,563,588,579,534,512,528,504,508,564,589,610,580,509,482,567,498,480,549,548,538,518,472,479,616,662,490,443,454,556,708,647,787,804,620,514,577,684,769,927,1154,1254,1325,1129,815,687,921,824,832,1041,1028,1167,1235,1169,1141,938,878,870,871,853,736,750,871,904,948,859,775,899,981,901,786,814,748,691,755,714,671,616,604,579,550,514,523,553,579,573,575,540,537,493,459,482,471,456,435,523,604,550,474,459,429,433,419,407,409,396,398,403,410,427,434
423,433,367,381,331,352,425,383,426,437,420,440,426,482,489,496,524,489,496,620,591,555,575,652,644,615,658,646,621,638,588,480,480,434,455,643,619,530,540,526,624,599,530,520,546,469,417,509,629,705,788,560,514,718,573,656,873,974,1028,1232,1155,934,708,770,662,696,898,1244,1175,1155,1067,1108,954,1070,1032,1021,1023,985,851,836,981,1101,1127,942,993,1032,942,827,781,729,805,776,746,805,680,614,662,610,600,646,724,717,726,618,546,532,554,578,471,439,453,488,475,522,598,501,475,432,413,410,398,396,386,386,408,406,416,453
423,403,355,331,375,351,342,349,360,364,431,478,440,445,483,497,542,523,609,578,591,548,573,578,605,611,608,632,631,645,588,489,431,387,481,545,588,500,627,580,756,783,616,744,636,495,471,422,476,479,428,483,478,607,857,703,622,696,801,1054,1095,1009,837,697,658,716,737,973,819,968,1072,1095,1068,1261,1122,1251,961,898,859,932,1024,1066,1143,1139,1130,1089,892,977,891,777,809,893,881,803,646,673,656,858,877,845,755,726,698,643,523,494,500,496,470,533,472,490,548,497,504,490,494,439,420,439,399,406,395,387,383,388,397,410
447,398,396,329,400,339,422,417,448,487,508,510,364,519,573,577,577,665,531,456,521,582,651,625,600,612,600,607,663,651,679,516,462,388,575,595,475,515,776,605,607,826,756,744,574,569,535,485,463,538,528,576,530,497,552,587,761,806,756,836,778,926,842,806,611,612,619,656,742,868,1206,1192,1277,1278,1217,1133,1145,937,893,948,1098,1078,1045,1095,1127,1135,1073,1040,1028,1032,1006,895,888,807,686,693,687,787,781,831,795,696,665,625,574,502,483,479,537,536,488,510,542,523,452,461,425,425,499,446,413,401,400,392,393,383,380,383
407,384,405,342,337,338,437,406,344,375,381,353,351,436,388,495,508,451,435,388,500,503,522,551,643,632,626,640,669,669,582,554,409,369,446,436,443,513,745,899,760,854,937,664,655,524,521,576,559,566,550,505,515,568,520,572,623,809,830,624,613,685,722,657,577,611,638,781,759,793,824,993,1025,1146,1090,1077,1057,1012,1034,1033,1164,1190,1096,1100,1169,1175,1065,980,1025,936,927,913,810,831,956,759,921,862,798,786,876,686,619,565,571,547,646,541,645,612,550,617,580,523,470,455,435,457,484,459,435,433,425,420,396,388,385,411
345,345,343,341,335,330,331,328,328,328,325,327,328,325,324,325,367,337,354,409,411,477,484,564,552,542,658,668,510,469,558,433,364,344,422,438,466,574,627,673,847,793,962,814,717,565,535,571,765,696,571,519,481,531,689,570,570,561,654,800,656,574,609,606,564,589,615,670,667,748,798,910,999,1123,1098,1113,1091,1093,1117,1092,1124,1192,1111,1050,1112,1092,1112,968,977,1090,916,909,965,851,893,919,934,956,954,858,699,655,611,694,710,714,560,710,735,738,556,688,536,506,500,462,510,463,461,426,416,427,423,412,409,410,393,392
331,425,397,381,354,337,332,328,333,328,328,328,326,335,325,324,333,325,323,325,346,399,428,478,390,453,467,596,507,418,483,437,348,400,386,414,432,568,482,512,766,686,795,868,1021,873,791,766,685,693,553,523,562,596,613,631,591,565,604,675,629,570,606,592,638,690,696,604,638,723,885,1021,983,976,1165,1187,1135,1140,1074,1099,1149,1193,1124,1137,1111,1046,969,918,909,1009,995,1032,1115,1013,939,1103,1229,1031,963,820,763,627,599,695,910,728,685,658,806,745,596,764,622,669,528,509,600,574,545,467,433,412,408,422,413,396,390,386
352,421,434,379,353,365,337,342,334,333,325,328,329,331,334,323,325,322,321,321,320,319,327,336,335,431,348,410,339,425,383,354,334,411,409,417,430,391,373,404,592,518,705,690,788,1011,942,645,669,616,562,559,528,549,606,640,607,572,582,585,547,582,563,730,794,733,822,824,648,780,1043,1081,1251,1361,1264,1203,1246,1279,1193,1191,1195,1282,1214,1268,1201,1155,1060,938,884,912,984,957,1074,1007,1073,1241,1052,1159,1016,885,788,691,739,731,713,856,1015,898,674,793,738,791,595,670,555,539,630,793,589,519,451,462,456,418,441,414,400,404
384,388,432,405,378,381,373,339,335,331,331,329,329,329,329,325,325,325,325,323,323,321,320,318,316,322,327,326,335,377,351,333,371,401,368,419,359,334,400,493,415,570,483,751,827,995,920,705,683,667,577,550,715,716,785,628,570,590,656,634,623,627,622,587,614,696,764,809,679,813,799,899,958,1091,939,987,1325,1334,1154,1327,1242,1182,1167,1154,1075,1007,978,980,988,930,841,950,799,847,1054,1157,885,938,1097,977,856,789,795,828,847,934,980,960,866,770,673,761,643,840,613,594,708,740,643,541,552,571,516,487,426,457,423,438
375,419,411,403,420,392,388,352,339,340,336,332,334,330,330,326,335,339,324,341,322,343,322,322,318,317,316,318,321,321,320,319,327,379,347,390,363,335,420,475,435,424,432,583,815,705,746,826,814,831,664,639,688,966,822,833,608,588,604,702,721,693,603,581,595,725,838,910,809,792,764,783,819,855,786,815,931,1026,1201,1276,1187,929,964,1023,995,995,981,994,953,905,873,931,981,853,788,806,880,882,1014,947,832,826,864,768,789,801,831,790,804,756,679,683,723,697,660,673,759,598,564,607,550,619,692,594,471,464,478,431
360,378,396,371,370,410,379,357,377,364,346,343,344,336,334,328,328,326,326,325,341,322,333,335,324,321,318,323,320,318,320,317,316,312,345,365,370,333,352,367,420,357,407,399,638,466,501,511,571,739,581,647,800,971,1068,791,719,596,562,716,686,645,646,599,616,695,830,767,836,830,780,771,791,797,766,763,786,973,1135,1034,1205,996,839,955,922,897,997,1060,921,1043,990,903,897,965,777,774,764,794,897,815,780,840,865,860,799,833,865,929,919,820,748,764,871,793,652,695,668,611,551,536,525,558,540,611,638,514,504,492
402,424,399,416,440,403,378,354,432,374,359,357,348,350,347,337,334,334,334,331,331,329,325,332,323,319,318,315,320,317,315,316,315,317,313,317,330,333,364,359,344,347,370,387,400,367,425,430,448,742,407,625,955,1010,978,787,701,677,641,635,681,639,630,616,662,694,614,614,729,792,723,715,751,743,766,765,728,737,879,863,964,966,914,841,773,956,944,884,943,1002,832,808,810,830,785,929,769,765,784,766,752,764,963,984,852,853,880,924,925,935,812,760,728,714,654,728,912,806,658,663,563,528,502,514,517,528,549,501
384,381,392,406,371,404,394,378,380,388,371,369,355,349,351,357,351,341,334,341,333,342,336,326,338,335,321,319,315,315,323,320,322,317,317,317,314,313,357,326,340,321,320,321,331,335,395,410,440,556,362,558,731,786,884,901,745,749,773,723,722,694,688,672,710,605,617,600,595,648,720,639,679,710,730,777,739,715,783,743,863,963,884,775,768,867,968,1028,940,962,861,816,837,887,960,822,886,783,738,766,761,850,971,966,916,868,913,873,909,969,1057,994,827,811,626,638,724,733,719,817,850,694,638,550,540,495,471,489
460,449,411,412,391,442,385,398,391,403,375,363,355,352,348,344,344,345,351,355,363,339,333,347,341,339,336,336,329,328,335,329,324,323,328,325,322,331,312,315,314,313,314,315,315,361,336,395,398,387,358,504,572,742,749,834,733,671,734,548,755,734,792,810,745,652,601,554,591,620,622,552,620,604,667,668,641,669,699,803,748,707,714,794,790,772,848,1043,1031,930,920,878,857,938,890,793,842,811,791,739,742,772,833,926,963,1000,941,924,980,1011,1000,971,982,740,661,607,637,752,620,772,934,1049,800,708,688,473,529,555
385,409,409,394,392,396,398,367,380,388,355,356,355,369,369,353,346,374,391,370,340,350,374,348,341,340,340,340,336,339,335,332,331,329,326,326,320,314,315,313,312,314,320,311,313,311,311,312,374,363,332,359,422,688,599,478,442,433,483,403,493,619,536,689,737,702,632,617,515,580,533,454,581,598,713,715,752,799,787,746,759,677,733,775,743,808,877,942,943,988,1059,1043,897,902,906,835,803,846,781,799,834,736,740,768,950,946,1106,1180,1112,964,988,927,921,797,747,682,576,562,596,608,717,804,851,713,606,498,510,539
405,405,385,376,372,374,373,383,395,401,379,377,396,373,399,396,406,389,353,344,361,374,384,374,364,354,349,348,348,346,339,336,332,332,330,328,326,324,324,327,312,314,312,311,312,311,314,311,309,314,325,434,485,539,469,520,400,344,374,419,450,533,706,854,791,802,752,727,564,464,467,439,455,553,724,713,766,514,722,714,699,726,718,690,701,786,890,876,1050,1064,948,931,943,821,809,822,857,939,863,977,1031,955,762,730,773,828,959,1039,986,861,801,800,878,850,852,759,632,577,556,534,605,572,566,564,558,520,494,509
393,386,416,389,442,395,425,389,408,448,436,420,403,426,394,370,354,359,358,373,383,387,389,380,359,376,375,379,350,344,351,349,342,340,334,331,338,336,326,326,325,325,325,323,320,320,323,315,312,309,310,364,365,446,343,457,357,347,428,432,465,830,725,768,890,708,864,636,727,582,476,463,446,515,568,535,567,405,439,550,618,623,712,688,698,748,792,817,1027,1049,943,887,868,830,858,939,903,1000,925,952,981,982,825,729,788,934,964,1109,1220,965,791,775,775,829,774,755,737,764,703,580,534,630,584,487,548,614,554,530
401,418,447,439,415,432,450,415,446,447,408,449,408,385,365,371,376,390,369,393,417,417,393,408,390,391,380,355,379,382,379,356,374,366,348,343,343,329,330,327,328,326,326,325,322,326,317,314,312,317,315,311,309,378,364,373,331,408,343,409,476,421,572,521,642,507,466,438,522,526,530,544,434,457,499,562,655,393,558,539,588,758,586,752,799,731,606,659,808,895,928,927,977,867,1062,1078,983,1045,1059,933,802,764,828,725,773,772,789,847,851,877,775,737,761,767,790,743,688,715,627,628,657,602,567,575,632,604,661,583
430,450,416,482,477,436,424,412,404,426,422,403,375,379,386,404,411,404,384,439,410,442,417,392,403,376,359,390,422,374,398,379,411,380,383,353,334,334,331,331,328,327,326,327,322,320,323,314,320,311,311,310,317,311,308,334,330,333,349,357,400,400,446,473,556,466,468,395,436,479,462,537,533,465,523,536,514,386,492,471,476,526,566,638,684,621,631,705,749,782,778,791,784,794,954,1155,1270,1284,1333,1059,905,897,798,761,751,726,725,788,884,812,784,734,785,818,794,681,655,655,698,734,688,675,506,661,758,707,704,636
465,490,460,474,462,426,482,423,422,390,402,409,423,418,397,413,479,424,403,446,429,461,438,406,373,387,417,392,374,377,362,358,354,369,364,341,337,335,333,333,332,325,322,321,321,323,318,317,314,314,310,309,309,312,310,309,329,361,354,363,361,383,394,421,404,411,418,433,593,532,527,447,477,479,410,476,464,431,488,455,506,453,600,518,566,514,523,626,659,715,785,727,738,774,789,874,887,1074,1239,1041,1103,1120,1004,847,806,850,795,725,767,774,778,749,741,783,830,766,805,664,813,773,753,674,636,554,651,707,811,730
